# shimmer to m/s^2 conversion : ((datas-self.offset)/self.gain)*9.81
offset_x = 2018.6224899598394
offset_y = 2068.4128205128204
offset_z = 1994.4519535374868
gain_x = 963.2126467493863
gain_y = 985.3875400735006
gain_z = 947.5530588292826