# shimmer to m/s^2 conversion : ((datas-self.offset)/self.gain)*9.81
offset_x = 1949.2573726541555
offset_y = 2137.8284250960305
offset_z = 1773.31045406547
gain_x = 980.28882736373
gain_y = 979.3891679748823
gain_z = 975.8475490196079