# shimmer to m/s^2 conversion : ((datas-self.offset)/self.gain)*9.81
offset_x = 1910.786577181208
offset_y = 2015.8489116517285
offset_z = 1925.7505285412262
gain_x = 976.6346735840898
gain_y = 969.2903846153846
gain_z = 961.3336593476454